       N       E                     dE             d eps       ncg     rms          rms(c)
DAV:   1     0.273470366508E+03    0.27347E+03   -0.29803E+04 14208   0.977E+02
DAV:   2    -0.133446918682E+03   -0.40692E+03   -0.40637E+03 21744   0.190E+02
